1000
284898996
1271317433
738470678
1279824853
1831666021
1550229592
1570310387
557652186
1181953074
783263968
1509806008
508682212
1380033120
1191710883
256399955
1244262946
1114393156
1964971023
580338432
1667507229
1343389410
795351871
2133247859
1412822950
1406814502
657732525
1419216287
979335631
672379582
992228102
308804386
68665103
1548233874
96531734
1569083725
1101643657
733979361
2016167651
829333459
1341355366
1229224185
204746965
1226993677
502611806
1535723155
1052471826
1745414887
1564322134
1655099592
1183129320
202619755
39705892
903239860
18773092
133910504
299179374
410253734
788599551
1453704126
1260768432
672559360
2050552440
1786141641
1965859420
784681394
50102461
418914152
1014681627
1638663501
2027585027
62175273
8255794
767065287
2089306101
1118921234
1523383808
704402122
1460954632
1184781966
52346275
1460466104
577521901
484555763
442503099
1352347456
31543072
1424868268
1781553222
313741206
1724399774
1700937992
1340094378
1479000658
1318032307
720675486
151255250
1194627815
400289009
262002778
1541635951
437200574
947874877
1555845161
1907071072
1786086126
899119363
1062261565
2137042477
1393161114
48619401
350203389
55641004
1123782376
297087329
913058957
524596934
1305062810
526744312
1411061237
235662676
1366823754
926777420
132739056
2037362211
988487750
594399931
1932490067
1242564630
771688198
1903571446
1845250328
1837255019
853712710
57854484
525701127
1647061270
1273893060
1767768259
581876480
320585
1614229400
1009558425
1948150759
2008248853
321455147
871721353
244645676
647040810
1711380693
120707441
1950213110
1342800826
217106199
1387644879
166071531
935765372
1078222449
828095892
1968989086
1244313549
104439522
314030609
1223018646
167078896
424780026
646373902
430754295
1286169462
17163677
1714015738
1563286224
1602500281
1628694358
1197492540
748909824
314122626
434775893
1188590759
2046963653
943626186
1487851527
588275213
650867938
419505310
645900112
1739079402
1652432493
2060588315
1049406056
934589505
1062659890
1762562457
1160400207
1979933061
352794567
702801637
1418590190
1773768877
1218935342
610263462
1580661452
1801159018
1746058784
2085109216
464508265
1933850997
531372028
1981959319
838289467
1912653825
1625998412
939790731
1444826178
570363472
881900016
2094676770
2132781642
665796450
364901609
467826276
709331901
1387817160
635265988
1263517984
273481506
324236950
1760887200
1938193451
522521142
929383542
230770398
1379409864
389448613
1923575257
1546697317
637703203
462392933
356036425
2078739855
1513443320
665923760
392743643
509856948
656310097
403906716
1302397376
617565777
803509356
1682538584
1661555962
1351559892
798278843
1280828421
773578539
307111686
1104483332
30972718
182106504
1236802325
11579305
1322571750
804388333
392757309
845118466
790228349
769038347
1662447379
1003869670
1596031198
34322364
1953593454
1165470281
686171272
1749276279
170746610
2124031487
1759214119
1815044575
1994028858
481386399
1398313934
2023374198
2131862689
3898754
917827284
1411018094
1927571630
1641085419
331612744
874863776
1104872217
1566164801
1256258321
1778798486
1004380286
1382102647
1593565095
2030548674
1119700381
318677388
1672672616
1128935890
978576716
350682158
2065097112
2120168987
1828694778
1645972602
1491443704
1860856370
1848910816
1517039070
1399851265
1517021338
496799942
1892130848
933183933
1493613463
225790574
221938807
1900744515
1371145249
49726113
2124794583
1357359053
523787764
109792213
801075530
857815927
24130244
1135702392
1711052666
1340411543
1225838222
2021608156
347211851
943431603
973285130
525849279
1797815205
1658123043
755656765
824831349
1135866447
635420228
1722775594
69298100
137473527
190172246
593216424
1957484540
734422862
1861457651
691717711
1371532449
1919845456
1211542573
88006540
937971830
923545761
513678402
1620911828
834924568
205216275
2090977534
1482494198
306842068
1769059140
1376325806
609474696
314905142
1290862180
1041690300
1798355843
2045908783
1844707861
218713068
1430142955
1813703650
1700964971
206231602
273535398
1607141131
1415575571
1762813997
1074146159
2090049036
122453903
1671458884
329391330
2010261142
1132616351
1165678428
1815371703
926222576
976981436
479263539
1977503244
1684860135
165807037
464871516
372403162
95791955
278421917
536356823
1868092810
440962625
1094521940
1774519372
2040186272
1895442882
1537022689
567871716
886801301
618706767
656551529
1221610436
2086153667
478445015
757074553
1372648999
1978462330
2053795943
1595848552
1029241879
2050317360
1382141301
171694296
1108170184
222735572
1216358602
152773211
440218769
1671296067
566487561
704525361
725175688
1632188884
294382047
1889419824
1866920888
426885390
1259567049
2003175101
762862594
2069809529
361542269
399549430
1873740941
1793800594
1625799926
1310340338
1008916971
1784530648
1467218463
54063392
77091786
1505381635
636557595
224519116
60384083
354166356
452484143
1900698048
1529392418
1268020999
1149445197
621233927
1310992611
931429862
1968859966
318637772
763617413
396041207
84637290
737015650
913516830
1570628950
2117643335
1758499933
1234063195
1763257629
627185244
1615188189
1408520610
1293393535
1412413937
429691882
1878778310
1077482740
1669370197
627267835
2127857766
1862894990
61050827
1860900497
298869731
1819536235
852277779
728149248
1327537403
1891256643
1823407504
477314894
840321799
865792545
1808011291
1761212468
337322445
2069654319
131482211
379706690
1160831747
1937529002
309645054
1871737374
779890017
265488372
1606012945
2116161004
1322181473
1799637192
282174872
1722737866
2045772694
1152345992
1084634707
209708914
992111782
2094742194
1988957518
585546499
1204397798
1505252721
2105423371
2015242969
2141416848
497193296
2026469709
1498191512
1451119011
1298940169
1008467075
1943535176
1933668440
1494253180
143308240
1616080538
790550332
1578051003
31884979
1086828361
92917743
919351106
1735823192
1125463452
1671687543
552942404
871902330
1053523208
132601153
151732256
655403507
607258610
1317166518
534474226
1825788897
42035857
465583222
521238854
2000629879
160358898
765206068
893296360
1816284253
898832661
198681134
315871959
361046981
710729269
1078154055
767732823
2090816012
1749723685
1593268418
1742717222
251613704
1022491606
1906587805
98189766
1935784180
25799157
1300702600
1959250169
1540421109
169634993
243987072
1879076939
1902985288
609943962
1935042061
393632713
592248331
934898597
253380372
687148751
977309093
813232460
444407130
2145909759
885586898
1282972370
447233942
2089607758
1606406222
1967133348
1406757168
1810737464
1906752285
1658120667
496349596
1053199892
452496501
1151886046
1028546382
28873858
163676489
1500251173
244691033
1643465728
2027654772
1308448024
1435062952
235936924
67892350
184370966
1517938135
1005743300
76154381
103672977
280133807
1177752121
432777962
947470422
1530451004
2036768802
1332922799
1705893610
151922317
1283802173
1803510283
1403696144
1082326792
794559792
572309938
1778433640
573767271
441078782
186441187
1092758321
1708915795
1885995669
1058765719
321399855
1159406747
399430019
1072918595
1949108648
1003253265
1139533513
1951065418
55448200
2129945857
394305480
1159735299
2009148580
660726607
1523798104
1024405602
2032396059
1144320044
395813112
337684549
191238361
215064949
1590124063
1928715613
328201525
1696168104
554674865
296855479
1933869242
531846531
1029810061
2025123558
660713475
1615968315
1372897859
734402511
1990576832
216575317
1517944035
1847936273
1843793109
876633381
455254256
604238863
1212907425
535222497
563212148
1383407771
1968498011
382951265
2084077613
1658042688
942192793
649524086
2140217829
74436140
36725227
395951588
77737439
1135576248
371582372
228742397
1663262829
1331132822
2060413880
526099419
813131935
1409211286
431498177
1965017913
2066317590
627976469
74196764
68810223
1007846390
2053904898
1916082992
1647753992
130943994
1340792974
724530639
2147108737
1541362849
1832946288
1475110324
455944609
871279494
918023378
1154646316
1162098671
1476617421
1123296475
237993170
1207283157
296445113
1895257817
932138099
691353551
1656778843
1086191115
1116811280
124930384
2114754405
300580617
1832472321
1930409521
462563613
1469198033
365273910
1480665558
1557186157
477749359
2088179353
1147844064
271074071
10148680
1588319375
1969771144
1318266885
842660867
2016801182
1265027742
796772542
1591230995
1613343528
483732767
949747189
1902799845
1603314006
2131590764
175028028
875948963
916688144
524616493
785102294
135012003
1451365416
163585729
1749869225
1426149744
838368662
382426976
221368658
1221311091
568141790
1027273168
622142035
1431254333
621527950
852186816
1342215783
152905843
1461875683
2001851333
33932534
813473878
1812273036
769178094
2108589988
1048922093
1257053062
1043020806
142036228
597199570
110123558
999698021
1077322859
867092887
114272309
241085043
1509455071
1612917459
595972661
172306363
394817837
1149711052
1905912770
1559985319
1204714265
489679810
1602482964
1432156382
1616431024
1530988758
1528883873
723331895
1327150778
1637289365
1076079327
2082297176
1067741004
1723343910
1187106343
944893679
503739257
713288715
563099829
414341772
1549106473
894774167
502849228
1689832986
292951553
1313664493
1550551798
840829177
765230210
103626672
1720026729
727454137
702842926
740432972
1577592198
1421661556
95313636
1018863072
766794363
1223500488
1227353421
1572823495
1159827463
584718959
1706570863
1915478978
344469085
581357437
570465887
955216323
1365003298
1214869814
284797971
568711768
1184574865
1421539466
494104149
2068600755
334910398
714732335
1108827092
1702224210
665910776
2001774168
420492885
2068491855
1412505415
764961559
1456853255
517034566
705882644
616007244
1147513331
775716574
35533800
7683657
999188626
241112054
166662989
454414340
184775544
999868526
1586969041
147043831
1489956655
619206031
403942440
2004193944
1670092831
846507800
793418353
1160155248
1119160744
1747808742
1350515345
2142661083
192160850
1186681663
1776658108
1335882331
1790338332
2071722683
794747410
1015585688
708452337
1079070927
965035365
236523512
430354232
1279454199
288601625
1144429783
233228938
2129716863
498477349
423020131
15488639
88213231
1761088566
178388759
770187169
573293841
577605362
1865424082
1056248450
1100043680
960366169
1383646611
1616749290
94340751
1417905224
704359892
1142633512
56481267
56601880
2001216128
823817353
1443483021
509064547
633927825
441236967
819481848
1241166310
934386762
280866137
210308203
610911106
1314560526
719668232
1282621996
1376764253
1789369052
492962593
435614866
164504357
662072936
994809062
1143808693
4132213
