1000
3514473
3716141
3952785
6028755
6031142
6112533
9051108
9192978
12452253
12652609
15000922
15098523
20836113
24598187
25784702
28332452
346625151
29949024
31919845
32274031
35050465
38625288
38821927
39029872
40958204
42871324
43784795
46590004
46954089
47231575
48112945
49827405
53348233
56212165
59591073
59968163
62085866
64331340
66069052
68051981
69637152
70003591
72588359
73968675
75081564
75431890
76352958
76807663
80200582
82954384
84551201
86160449
86405795
87932412
88596023
246628141
90332244
94838422
99259807
99844847
101336359
102006958
102063234
106999982
107278398
107720661
108863135
109359946
113114208
113821856
115055898
116600406
119101836
119527062
119939425
125021639
126792898
128342126
128353517
128789563
129909439
130993324
133601098
136344042
138349412
138513580
140783625
141658362
142621379
142630272
142752716
146446885
148281997
148506961
153072120
156722593
1280233746
159524512
159609355
162457755
164560518
171665622
176250813
180969902
182437798
183858588
186920013
187418889
192304159
194747926
198478909
200948466
201881049
204582391
205445126
207616117
209032329
214084715
215075287
219259650
220047065
221787180
223129391
223184714
225910206
226087560
227805965
228041250
230474601
234650507
237545815
238142156
238271955
240670073
244656187
89591436
257643946
261467687
266127518
268221205
269698019
280008016
280561661
283027209
284776014
285750949
287625390
288054617
290545209
294123206
296699098
296822305
297590272
300909902
303274252
303526941
307437809
308943883
309085410
312248007
312946869
314447206
315678998
316518042
318265205
320129138
322720834
326083048
331772185
333266143
333763868
333975488
338176546
338375844
341671825
343743999
344520059
29371120
346737798
348354193
349526973
352469746
356780996
358304014
360885510
365278010
366559986
370095536
373190902
373218316
376368619
377615399
379612430
381248257
389844886
390253595
394740842
395078335
408195160
410488545
411836131
412763739
416010609
416084100
418065282
422780013
422871481
425307188
427053689
429377593
434063199
434205078
436928229
439569273
440437113
443802308
443917600
443962284
452029434
452596741
455594220
459655109
461215548
462614375
463408696
463479446
464001873
464624733
464909313
469052968
470310882
472384786
472454714
482666874
482880089
483026730
484267266
488391626
488968027
491817671
493323822
496748052
497506323
499505347
502196496
504336049
506407420
506972119
512228908
514499102
515607448
518097073
521787900
525670349
527766839
528705794
529733363
530220504
530713501
533781807
535234398
536926686
538341217
543427797
543494821
546062759
546793449
551328827
551826066
554409048
554981313
556013342
562792145
565483969
567936559
570624700
572219029
573165670
583039356
585329557
587335502
589914812
596203461
597589836
598814346
599177379
601627820
602846723
607430053
608270215
609084451
609115989
611427753
614420338
616461684
617750671
619382800
620183258
624298220
627744492
631564906
635486309
635853156
635898075
636187178
636993154
636998531
644050162
645526516
648770276
651633462
655971289
657482190
657821915
661485937
663897086
664901532
665022273
666383839
670079865
672806343
677392121
688016267
688084069
690440622
691514199
694247416
695321042
701006498
1630056953
703490080
704307135
707211974
707545293
708185175
708602625
710827155
711331351
714823879
716473355
717551921
725713689
728522466
731201876
733447657
734387028
737912541
741708364
744419696
745983557
746494891
748615788
752060682
755595416
758014096
758051859
761869797
762770413
764881584
764892416
765869382
767296299
769056814
770316117
772022613
772067330
772847574
776744011
777694766
778180457
778437026
780081172
781763793
781989357
783799990
786457828
786669246
795896628
796952773
800177417
801941577
803082724
803093600
803379029
808575969
810673407
811044819
811227102
811269055
1489854854
816309948
816489056
816903888
818042820
820664408
824255664
825144291
826232006
829438749
833288665
834777997
835138273
835920922
836974708
837384392
844492959
845630388
850805396
851019953
853656708
855982598
860792192
861821082
862753103
866768709
867154039
868590939
871288714
873688388
880826994
883492752
885487829
886263870
886676096
890254266
890830511
891566268
893522322
894206783
896670155
902527760
905963905
906139164
916145372
918352674
921380257
922247251
923167890
924014489
924298646
924523031
925445954
927278944
928479812
929650161
929854542
931892849
932448225
933209454
936099991
938028167
949793100
954141775
958290884
962667838
965515738
965955232
966459910
967365858
969085580
970451404
970897178
972324738
974218368
974622196
977376572
982203935
984471281
987530795
989347975
992697403
998992059
1001346831
1005152733
1006621315
1009780770
1010810171
1012092194
1013169657
1015802551
1016655873
1019277813
1020350987
1024896245
1032413628
1034478754
1037286251
1040244394
1044286043
1046611585
1046767087
1047349225
1050256227
1050473197
1052318453
1056114625
1059358449
1060804569
1062509146
1063459561
1063525671
1066614208
1070002712
1073946518
1073981049
1078288440
1079531389
1082234536
1084208076
1095763646
1095979179
1096609315
1097250994
1097490967
1098490106
1101611647
1101863068
1106554925
1107187702
1107915405
1109490527
1111403674
1111483776
1113445004
1113957204
1115191951
1117590010
1121704763
1127282632
1128094634
1130682558
1133657768
1134811909
1135087235
1138551752
1140079406
1141126856
1141458441
1142494906
1144454097
1150111441
1150445291
1153818252
1154012911
1157286491
1158872065
1163305235
1167357218
1167365770
1167520533
1168036811
1168350996
1170135150
1170515031
1172667031
1178464775
1180958536
1186164798
1186885577
1189978558
1190969192
1191431797
1202829311
1204590939
1206481913
1206517173
1210127244
1210279183
1210810992
1211604734
1214038075
1216327633
1216330441
1216477240
1219784611
1220387580
1220885788
1224965399
1229181605
1229877987
1231672678
1231767151
1232684560
1237245215
1238312002
1238495578
1238799390
1239730972
1243393979
1247753758
1247987266
1250013863
1250648723
1252601002
1255207324
1256672706
1257063596
1257440139
1260305487
1260423911
1262961346
1263560720
1268195562
1272513891
1272943168
1273915347
1274478025
1274993212
1277883007
157935737
1281566940
1283921244
1292487787
1293246900
1296474509
1297201084
1297626933
1297975492
1298907090
1302093982
1302213744
1303164227
1304503175
1306840667
1309804161
1311960398
1313513824
1314274037
1314970385
1315132875
1315753851
1315881913
1316956898
1319886031
1320147003
1323343503
1324985597
1327221118
1327652551
1329637511
1331179025
1333155783
1333864470
1335847189
1337077045
1341628697
1344491928
1346674168
1347661478
1351325329
1356163776
1357968173
1359373447
1360737729
1363679682
1374180260
1376351151
1380747865
1384465303
1385097529
1385591494
1386011736
1387709625
1388006470
1391792092
1391808306
1393288759
1395656872
1396150218
1398521283
1402807155
1407192550
1407316024
1407423190
1413225495
1417491548
1420747211
1421869693
1425016641
1426818898
1427679822
1428562451
1440268230
1444319151
1446775029
1450787941
1452341942
1453879438
1458363746
1459398927
1463353339
1463717611
1468051629
1468374633
1469269316
1470370449
1470561422
1470654503
1471238292
1479558941
1480910412
1487703072
812928035
1490361512
1491194733
1492787780
1495471655
1496202084
1498538052
1507604543
1508621766
1510622143
1511652497
1513618995
1515031558
1519787099
1520342503
1523957488
1528050985
1528084595
1528169219
1533263122
1533816032
1535605839
1537741005
1538248487
1539720550
1545922649
1546523310
1550246645
1552330570
1554602540
1554944726
1555121585
1555349523
1556267857
1556415682
1556652908
1557960188
1561147189
1561335231
1562158289
1562708842
1563640611
1564007233
1573170158
1576204660
1578907879
1582893564
1586846460
1590587781
1592963682
1593253614
1595388715
1596573949
1596681413
1598732843
1600822162
1601330933
1605187818
1606141496
1607162672
1610190062
1612212261
1617839000
1619665402
1625626273
1626915540
701336800
1632991550
1633039424
1635063813
1637424770
1639128665
1641391425
1644154013
1647071772
1648547239
1649265747
1649694745
1649962033
1650903994
1651061706
1651467204
1652061790
1654977629
1656586973
1663067751
1665152409
1669665371
1674667012
1677701755
1681581477
1686347320
1688680849
1689589001
1690189769
1693430575
1694402620
1699851478
1702575236
1703274632
1704717910
1710236378
1710287993
1710878730
1711501186
1711911311
1712106800
1714203653
1720731852
1721865463
1724570859
1724776698
1725172358
1727180007
1732780065
1733086123
1734522413
1735896612
1736029486
1737409164
1738876658
1745047466
1745606136
1748357370
1757824559
1758614338
1758854130
1761378771
1763743181
1763847743
1765756943
1765995062
1766520204
1766551455
1767932679
1769036543
1769352243
1770596862
1777982179
1778593013
1781865464
1783235760
1787653836
1791322433
1791868182
1794874313
1799308999
1801874989
1806990474
1809202413
1810652650
1812147578
1813128952
1817834028
1819674508
1821662158
1825523527
1826987021
1827019529
1829065787
1831377355
1831949205
1836199358
1837053673
1838522281
1839522111
1842116513
1842154665
1843378150
1846918670
1848707253
1851180774
1851189099
1857274512
1859444109
1861162944
1863254664
1865631700
1867041966
1867485870
1869950922
1871902886
1873409940
1875052970
1875635071
1877191225
1880221158
1880248934
1886829201
1891069837
1893313787
1895161850
1899028682
1900516004
1900620040
1900633261
1912661764
1916940629
1917242101
1917909582
1925003057
1926751836
1929956593
1931289468
1931453830
1934985169
1937228698
1937297380
1940437365
1940818122
1942541670
1942903268
1944396258
1944441789
1945826096
1946289904
1947549939
1947692055
1954732092
1959223206
1960047352
1962870441
1966862473
1968760842
1969577998
1972049151
1972733303
1973506193
1977511454
1980461676
1980974912
1985624816
1988702321
1992359918
1993887848
1997429429
2003806165
2008371330
2009002106
2013632075
2018415678
2019224551
2020069600
2020484043
2020968617
2023264930
2024438074
2030505503
2036644623
2037696755
2038516584
2038592629
2040147372
2043770943
2044102345
2049881480
2051346475
2055826616
2059602262
2060100724
2061953573
2062618946
2065905260
2067397926
2067757485
2067973215
2073019978
2076306999
2076859297
2079895639
2081082919
2083847151
2084585031
2087091925
2089302089
2092282940
2095850251
2103946031
2104205915
2109930701
2113216696
2115120937
2116106307
2117114709
2117418131
2121659035
2122232296
2122983833
2126344715
2128389588
2128804711
2129667857
2133100710
2133820176
2134172707
2134617816
2143987643
2144214448
