100
31727209
36557743
41504881
48950928
60453595
62940317
77185006
84591538
113930479
139449569
148330936
165782117
174666303
181090484
181810473
214100609
230489322
239296329
284453261
311214603
320594991
340293846
351358455
365916201
439312456
507531528
542966684
544391492
553297967
572357178
588134527
619145415
622122893
647010197
654961995
684415028
691021549
696484088
711211691
715776512
716556157
725373305
751681318
783828416
834575327
880098216
896886139
941682194
997933924
1021274685
1027706845
1051119476
1076086848
1098299874
1098367609
1126120237
1193627600
1237530578
1248437149
1264255601
1265841464
1400117967
1402958816
1430825025
1447907015
1476331076
1524367893
1534201316
1543177385
1584872427
1595526370
1608641493
1632603168
1667407551
1668089230
1676976151
1687549074
1728197833
1731014564
1760768355
1771371143
1793277386
1795640818
1811550255
1817954064
1841955497
1887034716
1922484124
1933307485
1942121346
1945666032
1954057278
1971994830
1973170193
2000477467
2044817012
2046997711
2049531092
2058203083
2138513281
