100
1968799916
100323254
1860257537
1153813866
805956842
1654857142
115643169
598258933
1988123382
997263312
773367695
459740225
283837253
32473573
854150939
1095456564
1376125829
658524081
407670654
1374504501
1277233220
870925104
448094193
615564404
507704887
512664008
1415164058
560409626
1864947150
447628891
1330589959
1717567428
1273480393
1398139620
147674455
737551939
753699519
916494889
697883955
893753084
319095004
1735486823
897094002
1037691648
570526581
162702860
1420088960
966152063
323353882
1675818316
1842673246
1286451888
1933626281
557839372
1097648104
180021089
1911723141
647579825
436820232
1267051870
1569755271
430552386
323806182
1970746610
1247123668
1524766239
2139615347
1738929059
72508062
405536597
1651461440
961068063
1333606476
1709182835
1787995901
1595583275
1793962035
389692075
1322535887
1187213727
1808736460
1125916415
653726904
2048365453
383858351
1351435433
155801002
294566258
308534072
127820142
2000391254
1823478008
2020405132
272995457
762962667
1160525760
1002258085
936676771
1572097319
1132372726
