100
36354791
46290701
49394499
56842953
68029319
92648377
125782755
122604790
117562563
127265791
169833940
174231301
917746967
1091479123
269210363
297634013
299827354
1712526401
319192116
354791682
365773893
2084727225
403466033
426771351
461468944
463340509
796776010
488898688
493331467
494401766
504708725
525026730
541522047
551539580
579288853
582102400
607337700
609664687
613038135
628916803
654489402
679887957
696775527
699477313
1235061363
789083397
479894329
802245523
818362182
197661390
848118835
861166247
906606945
180191071
923388595
953808985
1034433491
1046395281
1055654001
1072232885
1080064794
1091213853
824841911
1123292385
1162208380
1209666614
1215408431
713366381
1415108328
1446756012
1468152781
1507448463
1779286684
1557261816
1570311068
1582236211
1590571120
1597985941
1636118668
1647754585
1663931833
1699102747
309940933
1772644108
1531576824
1791744283
1808692730
2102835575
1861160595
1896299659
1968308873
1975311092
1981240785
2005978552
2029946323
2069739143
2071207850
400757002
1812480443
2117332797
