100
1750353893
224353409
1120550295
2066222613
1241139139
1696523423
83274075
527136861
722165024
481619498
188789459
1980751865
2017947460
715502128
481871767
64619211
1136333725
1423616608
1997295550
1892177721
1213899935
757802968
835096906
683482194
2017569845
276710685
1178345521
916326920
2053389282
1147979044
1551435017
221217691
226454649
903909773
1923245134
1814908439
1131405173
1075358191
1581191251
251718900
493403126
433288782
711397316
756410075
74662233
1934528169
1100006099
1145984136
1774627186
174729648
1043525895
1755200458
1636414568
1806664851
761112989
1182423208
470472750
442283510
241205402
1219434142
722578842
1544388097
557011566
1736350724
708564259
88065427
591353926
313584016
738274620
1407950486
1509488367
279916530
882824263
131184493
823612002
2046008733
644223032
1914721162
1572687856
1948845734
526636487
1321073437
1362645259
1198123204
279398737
1510618087
531861678
1212444024
1866019660
693613869
906210666
178334790
62653029
1340647623
1411156495
1988398881
122393912
2095885144
276582131
1006557924
