103
730902782
1348011517
717182499
1395316606
1582052729
374687611
1081888700
1155390983
1182752791
2083737053
1124446283
922758701
1538498079
2035884064
1113571680
2093963275
237141333
1740948826
476912933
353229948
1997967449
963533578
123198276
1792903352
428867229
1579941514
1215324789
974694935
865589761
957193121
846432423
1724611573
1577382925
1547031093
458902474
1289965999
1336315082
940983581
1836059959
834608841
225760573
1237894165
101767613
623189809
1093459841
2032394955
616556617
878412190
842872448
1363193622
1876891953
1289623059
599914318
1854953542
601022493
579412608
1361241634
930855318
40542866
925998983
794007793
485743038
1503409436
2040872796
2052944297
1316589989
312590616
336642245
1197261319
1779674164
804519195
1274097729
638980885
395178310
2114929155
1746721093
1079913028
475049403
923838104
1849346465
6227489
1766288044
1956703197
877390082
451783863
1606854072
1895146489
1658242704
1682457986
1883995261
999136701
16211639
693213451
997023011
1196703442
1193687812
894873637
696839698
2124945024
203320869
1581051074
2041347780
687575837
